{
 "cells": [
  {
   "cell_type": "code",
   "execution_count": 11,
   "metadata": {},
   "outputs": [],
   "source": [
    "import numpy as np\n",
    "\n",
    "import sys\n",
    "\n",
    "sys.path.append(r\"C:\\Users\\mauro\\Documents\\projects\\gsf\")\n",
    "\n",
    "from pygsf.orientations.orientations import Plane, Axis, Direct\n",
    "from pygsf.mathematics.arrays import svd"
   ]
  },
  {
   "cell_type": "code",
   "execution_count": 3,
   "metadata": {
    "scrolled": true
   },
   "outputs": [
    {
     "name": "stdout",
     "output_type": "stream",
     "text": [
      "(-6.123233995736766e-17, -1.1248198369963932e-32, -1.0)\n",
      "(-0.08715574274765814, -1.6010250207484453e-17, -0.9961946980917455)\n",
      "<class 'numpy.ndarray'>\n",
      "(2, 3)\n",
      "mean [4.36193874e-02 9.68544963e-18 9.99048222e-01]\n",
      "girdle normal [-2.22044605e-16  1.00000000e+00  0.00000000e+00]\n"
     ]
    }
   ],
   "source": [
    "plane1 = Plane(90, 0)\n",
    "plane2 = Plane(90, 5)\n",
    "\n",
    "# plane to xyz\n",
    "\n",
    "n_axis_1 = plane1.normAxis()\n",
    "n_axis_2 = plane2.normAxis()\n",
    "\n",
    "normal_1 = n_axis_1.toXYZ()\n",
    "normal_2 = n_axis_2.toXYZ()\n",
    "\n",
    "print(normal_1)\n",
    "print(normal_2)\n",
    "\n",
    "xyzes = (normal_1, normal_2)\n",
    "\n",
    "# pack tuples into array\n",
    "\n",
    "a = np.stack(xyzes)\n",
    "print(type(a))\n",
    "print(a.shape)\n",
    "\n",
    "# svd\n",
    "\n",
    "res = svd(a)\n",
    "\n",
    "\"\"\"\n",
    "print(type(res))\n",
    "for res_el in res:\n",
    "    print(res_el)\n",
    "\"\"\"\n",
    "\n",
    "u = res[0]\n",
    "s = res[1]\n",
    "vh = res[2]\n",
    "\n",
    "#print(vh)\n",
    "\n",
    "print(\"mean\", vh[0,:]) # mean value\n",
    "print(\"girdle normal\", vh[2, :]) # normal to girdle"
   ]
  },
  {
   "cell_type": "code",
   "execution_count": 8,
   "metadata": {},
   "outputs": [
    {
     "name": "stdout",
     "output_type": "stream",
     "text": [
      "Axis(az: 270.00°, pl: 80.00°)\n",
      "Axis(az: 270.00°, pl: 90.00°)\n",
      "Axis(az: 90.00°, pl: 80.00°)\n",
      "(-0.17364817766693041, -3.1898652743636585e-17, -0.984807753012208)\n",
      "(-6.123233995736766e-17, -1.1248198369963932e-32, -1.0)\n",
      "(0.17364817766693041, 1.0632884247878861e-17, -0.984807753012208)\n",
      "<class 'numpy.ndarray'>\n",
      "(3, 3)\n",
      "\n",
      "u\n",
      "[[-5.74381572e-01 -7.07106781e-01  4.12414609e-01]\n",
      " [-5.83242334e-01 -2.49342109e-16 -8.12298209e-01]\n",
      " [-5.74381572e-01  7.07106781e-01  4.12414609e-01]]\n",
      "\n",
      "s\n",
      "[1.71455318e+00 2.45575608e-01 8.29293425e-17]\n",
      "\n",
      "vh\n",
      "[[-0.00000000e+00  2.22044605e-16  1.00000000e+00]\n",
      " [ 1.00000000e+00  0.00000000e+00  0.00000000e+00]\n",
      " [ 0.00000000e+00 -1.00000000e+00  0.00000000e+00]]\n",
      "\n",
      "mean [-0.00000000e+00  2.22044605e-16  1.00000000e+00]\n",
      "\n",
      "girdle normal [ 0. -1.  0.]\n"
     ]
    }
   ],
   "source": [
    "# axes to xyz\n",
    "\n",
    "axis_1 = Axis.fromAzPl(270, 80)\n",
    "axis_2 = Axis.fromAzPl(270, 90)\n",
    "axis_3 = Axis.fromAzPl(90, 80)\n",
    "\n",
    "print(axis_1)\n",
    "print(axis_2)\n",
    "print(axis_3)\n",
    "\n",
    "xyz_1 = axis_1.toXYZ()\n",
    "xyz_2 = axis_2.toXYZ()\n",
    "xyz_3 = axis_3.toXYZ()\n",
    "\n",
    "print(xyz_1)\n",
    "print(xyz_2)\n",
    "print(xyz_3)\n",
    "\n",
    "xyzes = (xyz_1, xyz_2, xyz_3)\n",
    "\n",
    "# pack tuples into array\n",
    "\n",
    "a = np.stack(xyzes)\n",
    "print(type(a))\n",
    "print(a.shape)\n",
    "\n",
    "# svd\n",
    "\n",
    "res = svd(a)\n",
    "\n",
    "u = res[0]\n",
    "s = res[1]\n",
    "vh = res[2]\n",
    "\n",
    "print(\"\\nu\")\n",
    "print(u)\n",
    "print(\"\\ns\")\n",
    "print(s)\n",
    "print(\"\\nvh\")\n",
    "print(vh)\n",
    "\n",
    "print(\"\\nmean\", vh[0,:]) # mean value\n",
    "print(\"\\ngirdle normal\", vh[2, :]) # normal to girdle\n",
    "\n"
   ]
  },
  {
   "cell_type": "code",
   "execution_count": 9,
   "metadata": {},
   "outputs": [
    {
     "name": "stdout",
     "output_type": "stream",
     "text": [
      "Axis(az: 270.00°, pl: 10.00°)\n",
      "Axis(az: 270.00°, pl: 0.00°)\n",
      "Axis(az: 90.00°, pl: 5.00°)\n",
      "Axis(az: 270.00°, pl: 3.00°)\n",
      "(-0.984807753012208, -1.8090624937528466e-16, -0.17364817766693033)\n",
      "(-1.0, -1.8369701987210297e-16, -0.0)\n",
      "(0.9961946980917455, 6.099933241728101e-17, -0.08715574274765817)\n",
      "(0.9961946980917455, 6.099933241728101e-17, -0.08715574274765817)\n",
      "<class 'numpy.ndarray'>\n",
      "(4, 3)\n",
      "\n",
      "u\n",
      "[[-4.95159748e-01  8.18593700e-01  2.91069028e-01  4.15006612e-17]\n",
      " [-5.02858220e-01  3.16906670e-03 -8.64363099e-01  8.45760385e-17]\n",
      " [ 5.00974268e-01  4.06136868e-01 -2.89961423e-01 -7.07106781e-01]\n",
      " [ 5.00974268e-01  4.06136868e-01 -2.89961423e-01  7.07106781e-01]]\n",
      "\n",
      "s\n",
      "[1.98863165e+00 2.12941674e-01 6.91035294e-17]\n",
      "\n",
      "vh\n",
      "[[ 9.99999772e-01  1.22189585e-16 -6.74826367e-04]\n",
      " [-6.74826367e-04 -4.44089210e-16 -9.99999772e-01]\n",
      " [-1.22489993e-16  1.00000000e+00 -4.44089210e-16]]\n",
      "\n",
      "mean [ 9.99999772e-01  1.22189585e-16 -6.74826367e-04]\n",
      "\n",
      "girdle normal [-1.22489993e-16  1.00000000e+00 -4.44089210e-16]\n"
     ]
    }
   ],
   "source": [
    "# axes to xyz\n",
    "\n",
    "axis_1 = Axis.fromAzPl(270, 10)\n",
    "axis_2 = Axis.fromAzPl(270, 0)\n",
    "axis_3 = Axis.fromAzPl(90, 5)\n",
    "axis_4 = Axis.fromAzPl(270, 3)\n",
    "\n",
    "print(axis_1)\n",
    "print(axis_2)\n",
    "print(axis_3)\n",
    "print(axis_4)\n",
    "\n",
    "xyz_1 = axis_1.toXYZ()\n",
    "xyz_2 = axis_2.toXYZ()\n",
    "xyz_3 = axis_3.toXYZ()\n",
    "xyz_4 = axis_3.toXYZ()\n",
    "\n",
    "print(xyz_1)\n",
    "print(xyz_2)\n",
    "print(xyz_3)\n",
    "print(xyz_4)\n",
    "\n",
    "\n",
    "xyzes = (xyz_1, xyz_2, xyz_3, xyz_4)\n",
    "\n",
    "# pack tuples into array\n",
    "\n",
    "a = np.stack(xyzes)\n",
    "print(type(a))\n",
    "print(a.shape)\n",
    "\n",
    "# svd\n",
    "\n",
    "res = svd(a)\n",
    "\n",
    "u = res[0]\n",
    "s = res[1]\n",
    "vh = res[2]\n",
    "\n",
    "print(\"\\nu\")\n",
    "print(u)\n",
    "print(\"\\ns\")\n",
    "print(s)\n",
    "print(\"\\nvh\")\n",
    "print(vh)\n",
    "\n",
    "print(\"\\nmean\", vh[0,:]) # mean value\n",
    "print(\"\\ngirdle normal\", vh[2, :]) # normal to girdle\n",
    "\n"
   ]
  },
  {
   "cell_type": "code",
   "execution_count": 12,
   "metadata": {},
   "outputs": [
    {
     "name": "stdout",
     "output_type": "stream",
     "text": [
      "Direct(az: 270.00°, pl: 10.00°)\n",
      "Direct(az: 270.00°, pl: 5.00°)\n",
      "Direct(az: 270.00°, pl: -5.00°)\n",
      "Direct(az: 270.00°, pl: -10.00°)\n",
      "(-0.984807753012208, -1.8090624937528466e-16, -0.17364817766693033)\n",
      "(-0.9961946980917455, -1.82997997251843e-16, -0.08715574274765817)\n",
      "(-0.9961946980917455, -1.82997997251843e-16, 0.08715574274765817)\n",
      "(-0.9961946980917455, -1.82997997251843e-16, 0.08715574274765817)\n",
      "<class 'numpy.ndarray'>\n",
      "(4, 3)\n",
      "\n",
      "u\n",
      "[[-4.97353160e-01 -6.73727078e-01  5.46563499e-01  0.00000000e+00]\n",
      " [-5.02141728e-01 -2.90194111e-01 -8.14641678e-01 -1.18255833e-16]\n",
      " [-5.00246699e-01  4.80561756e-01  1.37162821e-01 -7.07106781e-01]\n",
      " [-5.00246699e-01  4.80561756e-01  1.37162821e-01  7.07106781e-01]]\n",
      "\n",
      "s\n",
      "[1.98717817e+00 2.26103766e-01 6.01588582e-19]\n",
      "\n",
      "vh\n",
      "[[ 9.99766614e-01  1.87350135e-16  2.16036290e-02]\n",
      " [-2.16036290e-02  8.65973959e-15  9.99766614e-01]\n",
      " [-0.00000000e+00  1.00000000e+00 -8.88178420e-15]]\n",
      "\n",
      "mean [9.99766614e-01 1.87350135e-16 2.16036290e-02]\n",
      "\n",
      "girdle normal [-0.0000000e+00  1.0000000e+00 -8.8817842e-15]\n"
     ]
    }
   ],
   "source": [
    "# directions to xyz\n",
    "\n",
    "d_1 = Direct.fromAzPl(270, 10)\n",
    "d_2 = Direct.fromAzPl(270, 5)\n",
    "d_3 = Direct.fromAzPl(270, -5)\n",
    "d_4 = Direct.fromAzPl(270, -10)\n",
    "\n",
    "print(d_1)\n",
    "print(d_2)\n",
    "print(d_3)\n",
    "print(d_4)\n",
    "\n",
    "xyz_1 = d_1.toXYZ()\n",
    "xyz_2 = d_2.toXYZ()\n",
    "xyz_3 = d_3.toXYZ()\n",
    "xyz_4 = d_3.toXYZ()\n",
    "\n",
    "print(xyz_1)\n",
    "print(xyz_2)\n",
    "print(xyz_3)\n",
    "print(xyz_4)\n",
    "\n",
    "\n",
    "xyzes = (xyz_1, xyz_2, xyz_3, xyz_4)\n",
    "\n",
    "# pack tuples into array\n",
    "\n",
    "a = np.stack(xyzes)\n",
    "print(type(a))\n",
    "print(a.shape)\n",
    "\n",
    "# svd\n",
    "\n",
    "res = svd(a)\n",
    "\n",
    "u = res[0]\n",
    "s = res[1]\n",
    "vh = res[2]\n",
    "\n",
    "print(\"\\nu\")\n",
    "print(u)\n",
    "print(\"\\ns\")\n",
    "print(s)\n",
    "print(\"\\nvh\")\n",
    "print(vh)\n",
    "\n",
    "print(\"\\nmean\", vh[0,:]) # mean value\n",
    "print(\"\\ngirdle normal\", vh[2, :]) # normal to girdle\n",
    "\n"
   ]
  },
  {
   "cell_type": "code",
   "execution_count": 13,
   "metadata": {},
   "outputs": [
    {
     "name": "stdout",
     "output_type": "stream",
     "text": [
      "Direct(az: 90.00°, pl: 10.00°)\n",
      "Direct(az: 90.00°, pl: 5.00°)\n",
      "Direct(az: 90.00°, pl: -5.00°)\n",
      "Direct(az: 90.00°, pl: -10.00°)\n",
      "(0.984807753012208, 6.030208312509488e-17, -0.17364817766693033)\n",
      "(0.9961946980917455, 6.099933241728101e-17, -0.08715574274765817)\n",
      "(0.9961946980917455, 6.099933241728101e-17, 0.08715574274765817)\n",
      "(0.9961946980917455, 6.099933241728101e-17, 0.08715574274765817)\n",
      "<class 'numpy.ndarray'>\n",
      "(4, 3)\n",
      "\n",
      "u\n",
      "[[-4.97353160e-01 -6.73727078e-01  5.46563499e-01  0.00000000e+00]\n",
      " [-5.02141728e-01 -2.90194111e-01 -8.14641678e-01  1.18255833e-16]\n",
      " [-5.00246699e-01  4.80561756e-01  1.37162821e-01 -7.07106781e-01]\n",
      " [-5.00246699e-01  4.80561756e-01  1.37162821e-01  7.07106781e-01]]\n",
      "\n",
      "s\n",
      "[1.98717817e+00 2.26103766e-01 1.02693131e-18]\n",
      "\n",
      "vh\n",
      "[[-9.99766614e-01 -6.24500451e-17  2.16036290e-02]\n",
      " [ 2.16036290e-02 -2.88657986e-15  9.99766614e-01]\n",
      " [-0.00000000e+00 -1.00000000e+00 -3.10862447e-15]]\n",
      "\n",
      "mean [-9.99766614e-01 -6.24500451e-17  2.16036290e-02]\n",
      "\n",
      "girdle normal [-0.00000000e+00 -1.00000000e+00 -3.10862447e-15]\n"
     ]
    }
   ],
   "source": [
    "# directions to xyz\n",
    "\n",
    "d_1 = Direct.fromAzPl(90, 10)\n",
    "d_2 = Direct.fromAzPl(90, 5)\n",
    "d_3 = Direct.fromAzPl(90, -5)\n",
    "d_4 = Direct.fromAzPl(90, -10)\n",
    "\n",
    "print(d_1)\n",
    "print(d_2)\n",
    "print(d_3)\n",
    "print(d_4)\n",
    "\n",
    "xyz_1 = d_1.toXYZ()\n",
    "xyz_2 = d_2.toXYZ()\n",
    "xyz_3 = d_3.toXYZ()\n",
    "xyz_4 = d_3.toXYZ()\n",
    "\n",
    "print(xyz_1)\n",
    "print(xyz_2)\n",
    "print(xyz_3)\n",
    "print(xyz_4)\n",
    "\n",
    "\n",
    "xyzes = (xyz_1, xyz_2, xyz_3, xyz_4)\n",
    "\n",
    "# pack tuples into array\n",
    "\n",
    "a = np.stack(xyzes)\n",
    "print(type(a))\n",
    "print(a.shape)\n",
    "\n",
    "# svd\n",
    "\n",
    "res = svd(a)\n",
    "\n",
    "u = res[0]\n",
    "s = res[1]\n",
    "vh = res[2]\n",
    "\n",
    "print(\"\\nu\")\n",
    "print(u)\n",
    "print(\"\\ns\")\n",
    "print(s)\n",
    "print(\"\\nvh\")\n",
    "print(vh)\n",
    "\n",
    "print(\"\\nmean\", vh[0,:]) # mean value\n",
    "print(\"\\ngirdle normal\", vh[2, :]) # normal to girdle\n",
    "\n"
   ]
  },
  {
   "cell_type": "code",
   "execution_count": null,
   "metadata": {},
   "outputs": [],
   "source": []
  },
  {
   "cell_type": "code",
   "execution_count": null,
   "metadata": {},
   "outputs": [],
   "source": []
  },
  {
   "cell_type": "code",
   "execution_count": null,
   "metadata": {},
   "outputs": [],
   "source": []
  },
  {
   "cell_type": "code",
   "execution_count": null,
   "metadata": {},
   "outputs": [],
   "source": []
  }
 ],
 "metadata": {
  "kernelspec": {
   "display_name": "Python 3",
   "language": "python",
   "name": "python3"
  },
  "language_info": {
   "codemirror_mode": {
    "name": "ipython",
    "version": 3
   },
   "file_extension": ".py",
   "mimetype": "text/x-python",
   "name": "python",
   "nbconvert_exporter": "python",
   "pygments_lexer": "ipython3",
   "version": "3.7.0"
  }
 },
 "nbformat": 4,
 "nbformat_minor": 2
}
